   0.4387993
   0.116369 
  -0.1992448
  -0.519844 
  -0.6257888
  -0.7326441
  -0.8506044
  -0.9731267
  -1.0972505
  -1.2219165
  -1.3467643
  -1.4716727
  -1.5966013
  -1.7215366
  -1.8464743
  -1.9714126
  -2.0963512
  -2.2212899
  -2.3462287
  -2.4711674
  -2.5961061
  -2.7210449
  -2.8459836
  -2.9709223
  -3.0958611
  -3.2207998
  -3.3457385
  -3.4706773
  -3.595616 
  -3.7205547
  -3.8454935
  -3.9704322
  -4.095371 
  -4.2203097
  -4.3452484
  -4.4701872
  -4.5951259
  -4.7200646
  -4.8450034
  -4.9699421
  -5.0948809
  -5.2198196
  -5.3447583
  -5.4696971
  -5.5946358
  -5.7195745
  -5.8445133
  -5.969452 
  -6.0943907
  -6.2193295
  -6.3442682
  -6.469207 
  -6.5941457
  -6.7190844
  -6.8440232
  -6.9689619
  -7.0939006
