   0.59691  
   0.4517569
   0.3244515
   0.1992482
   0.07428  
  -0.050662 
  -0.1756011
  -0.3005399
  -0.4254786
  -0.5504174
  -0.6753561
  -0.8002948
  -0.9252336
  -1.0501723
  -1.175111 
  -1.3000498
  -1.4249885
  -1.5499273
  -1.674866 
  -1.7998047
  -1.9247435
  -2.0496822
  -2.1746209
  -2.2995597
  -2.4244984
  -2.5494371
  -2.6743759
  -2.7993146
  -2.9242534
  -3.0491921
  -3.1741308
  -3.2990696
  -3.4240083
  -3.548947 
  -3.6738858
  -3.7988245
  -3.9237633
  -4.048702 
  -4.1736407
  -4.2985795
  -4.4235182
  -4.5484569
  -4.6733957
  -4.7983344
  -4.9232731
  -5.0482119
  -5.1731506
  -5.2980894
  -5.4230281
  -5.5479668
  -5.6729056
  -5.7978443
  -5.922783 
  -6.0477218
  -6.1726605
  -6.2975992
  -6.422538 
  -6.5474767
  -6.6724155
  -6.7973542
  -6.9222929
  -7.0472317
